25
Raphael Juarez,Aaron Thompson,Xander Wheeler,Kenyon Lyons,Damon Deleon,Neil Snow,Wyatt Mcfadden,Seth Turner,Carter Huff,Timothy Molina,Stewart Cobb,Cooper Weiss,Jerome Perry,Deacon Richardson,Walker Miranda,Cade Kidd,Zachary Lester,Arsenio Carroll,Basil Weiss,Omar Jarvis,Ralph Hahn,Yasir Ramsey,Aristotle Farrell,Jackson Roberts,Jared Pacheco
313028755,679488338,114016645,307096529,683326789,392352373,693123721,214593360,213261092,539802306,025309618,400360897,781655550,711390393,413336827,907924492,506959964,033237124,155565245,759648942,119270510,353981665,631504529,068853530,384643086
0 0 1 0 0 1 1 0 1 0 1 1 0 1 1 1 1 0 0 1 1 1 0 0 0 
0 0 1 0 1 1 0 1 0 0 0 1 1 0 0 1 0 1 0 1 1 0 1 0 0 
1 1 0 0 1 0 0 0 1 0 0 0 1 1 0 1 0 1 1 0 1 0 1 0 1 
0 0 0 0 0 1 1 1 1 0 1 1 1 0 1 0 1 1 1 1 0 1 0 0 1 
0 1 1 0 0 0 1 1 1 0 0 1 0 1 0 1 1 1 1 1 0 1 0 1 1 
1 1 0 1 0 0 1 1 1 0 0 1 1 1 1 1 0 1 0 0 1 1 0 1 0 
1 0 0 1 1 1 0 1 0 1 0 1 1 1 0 1 0 0 0 1 0 1 0 1 1 
0 1 0 1 1 1 1 0 1 0 0 0 0 0 0 0 0 1 0 0 0 1 0 1 1 
1 0 1 1 1 1 0 1 0 1 0 1 0 1 0 1 1 0 1 1 0 1 0 0 0 
0 0 0 0 0 0 1 0 1 0 0 0 1 0 0 1 1 0 1 1 0 1 0 1 0 
1 0 0 1 0 0 0 0 0 0 0 1 0 0 1 0 0 1 0 0 0 1 0 0 0 
1 1 0 1 1 1 1 0 1 0 1 0 0 1 1 1 1 0 0 0 0 1 1 1 0 
0 1 1 1 0 1 1 0 0 1 0 0 0 1 1 0 1 0 1 1 1 1 0 1 1 
1 0 1 0 1 1 1 0 1 0 0 1 1 0 0 1 0 1 0 0 0 1 0 0 1 
1 0 0 1 0 1 0 0 0 0 1 1 1 0 0 1 0 0 0 1 0 1 0 0 1 
1 1 1 0 1 1 1 0 1 1 0 1 0 1 1 0 0 0 0 1 0 1 0 0 1 
1 0 0 1 1 0 0 0 1 1 0 1 1 0 0 0 0 0 1 0 1 1 1 1 0 
0 1 1 1 1 1 0 1 0 0 1 0 0 1 0 0 0 0 1 1 1 1 1 1 0 
0 0 1 1 1 0 0 0 1 1 0 0 1 0 0 0 1 1 0 1 0 1 0 1 0 
1 1 0 1 1 0 1 0 1 1 0 0 1 0 1 1 0 1 1 0 1 1 1 1 0 
1 1 1 0 0 1 0 0 0 0 0 0 1 0 0 0 1 1 0 1 0 0 0 0 1 
1 0 0 1 1 1 1 1 1 1 1 1 1 1 1 1 1 1 1 1 0 0 0 1 1 
0 1 1 0 0 0 0 0 0 0 0 1 0 0 0 0 1 1 0 1 0 0 0 0 0 
0 0 0 0 1 1 1 1 0 1 0 1 1 0 0 0 1 1 1 1 0 1 0 0 1 
0 0 1 1 1 0 1 1 0 0 0 0 1 1 1 1 0 0 0 0 1 1 0 1 0 