30
Wade Hudson,Neil Irwin,George Carey,Elijah Perkins,Phelan Rice,Garth Holden,Kaseem Lowe,Nero Wright,Quinn Mcfarland,Caleb Oneil,Samson Gill,Nehru Dejesus,Moses Glenn,Jared Conner,Lane Valdez,Reece Cantu,Brandon Guerra,Salvador Clayton,Elvis English,Logan Santiago,Emery Cash,Ignatius Prince,Caleb Durham,Micah Harrison,Chase Lawrence,Mannix Cabrera,Abraham George,Tyrone Blackburn,Steven Howe,August Meyer
542498589,765922109,564729432,176503068,527543581,308033018,837644764,060310802,543843528,606163871,905110383,861045698,893983619,251093191,461369084,558837423,410563340,694391947,895195113,729991018,792234585,081903379,861478337,774460588,349012286,224904078,832549133,763189735,922548706,595104845
0 0 1 0 0 0 1 1 0 0 1 0 1 1 1 1 0 1 0 1 0 1 0 0 0 0 0 0 0 0 
0 0 1 1 0 1 0 1 1 1 1 0 1 1 0 0 0 1 1 1 1 1 1 1 1 0 1 0 0 1 
1 1 0 0 1 1 0 1 1 0 1 1 0 1 0 0 0 1 0 1 0 0 1 0 0 1 1 1 1 0 
0 1 0 0 1 0 1 1 1 1 1 1 0 1 1 0 0 0 0 1 1 1 0 0 1 0 1 1 1 1 
0 0 1 1 0 0 1 1 0 1 1 0 1 0 0 1 0 0 0 1 0 0 0 0 1 1 1 1 1 1 
0 1 1 0 0 0 1 1 0 0 0 1 1 1 1 0 1 1 0 0 0 1 1 1 1 0 0 0 0 0 
1 0 0 1 1 1 0 0 1 0 0 0 0 1 1 1 0 1 1 1 1 1 0 1 1 1 1 1 0 1 
1 1 1 1 1 1 0 0 0 1 1 0 1 0 1 0 1 0 0 1 0 1 0 1 1 1 1 1 0 0 
0 1 1 1 0 0 1 0 0 0 1 1 0 0 0 0 1 0 0 1 1 0 0 0 0 0 1 1 0 1 
0 1 0 1 1 0 0 1 0 0 0 0 0 0 1 0 0 0 0 1 0 0 1 0 1 0 0 0 1 1 
1 1 1 1 1 0 0 1 1 0 0 0 0 0 1 1 1 0 1 1 1 1 0 1 1 1 1 1 1 1 
0 0 1 1 0 1 0 0 1 0 0 0 0 1 1 0 1 1 0 0 1 0 1 0 1 1 1 0 1 1 
1 1 0 0 1 1 0 1 0 0 0 0 0 1 0 1 1 0 0 0 0 1 0 0 0 1 1 1 0 1 
1 1 1 1 0 1 1 0 0 0 0 1 1 0 0 1 1 0 0 0 1 0 1 0 1 1 1 1 1 1 
1 0 0 1 0 1 1 1 0 1 1 1 0 0 0 0 1 1 1 0 1 0 1 1 1 1 0 1 0 0 
1 0 0 0 1 0 1 0 0 0 1 0 1 1 0 0 1 1 0 1 1 0 1 1 0 1 0 1 0 0 
0 0 0 0 0 1 0 1 1 0 1 1 1 1 1 1 0 1 0 1 0 1 1 1 0 1 1 0 0 0 
1 1 1 0 0 1 1 0 0 0 0 1 0 0 1 1 1 0 1 0 1 1 0 1 1 1 0 0 1 1 
0 1 0 0 0 0 1 0 0 0 1 0 0 0 1 0 0 1 0 1 0 0 0 1 0 1 0 1 0 0 
1 1 1 1 1 0 1 1 1 1 1 0 0 0 0 1 1 0 1 0 0 1 0 0 1 0 0 0 0 1 
0 1 0 1 0 0 1 0 1 0 1 1 0 1 1 1 0 1 0 0 0 1 0 1 0 0 0 1 0 0 
1 1 0 1 0 1 1 1 0 0 1 0 1 0 0 0 1 1 0 1 1 0 1 1 0 1 1 0 1 1 
0 1 1 0 0 1 0 0 0 1 0 1 0 1 1 1 1 0 0 0 0 1 0 0 0 0 1 1 0 1 
0 1 0 0 0 1 1 1 0 0 1 0 0 0 1 1 1 1 1 0 1 1 0 0 0 1 1 1 1 0 
0 1 0 1 1 1 1 1 0 1 1 1 0 1 1 0 0 1 0 1 0 0 0 0 0 0 1 0 1 0 
0 0 1 0 1 0 1 1 0 0 1 1 1 1 1 1 1 1 1 0 0 1 0 1 0 0 1 1 0 1 
0 1 1 1 1 0 1 1 1 0 1 1 1 1 0 0 1 0 0 0 0 1 1 1 1 1 0 0 1 1 
0 0 1 1 1 0 1 1 1 0 1 0 1 1 1 1 0 0 1 0 1 0 1 1 0 1 0 0 0 0 
0 0 1 1 1 0 0 0 0 1 1 1 0 1 0 0 0 1 0 0 0 1 0 1 1 0 1 0 0 1 
0 1 0 1 1 0 1 0 1 1 1 1 1 1 0 0 0 1 0 1 0 1 1 0 0 1 1 0 1 0 