28
Daniel Witt,Alvin Dorsey,Hoyt Keith,Cade Higgins,Ryder Buckner,Xanthus Le,Bruce Wooten,James Colon,Allen Morris,James Case,Fletcher Fernandez,Richard Curry,Nolan Bell,Leo Mccall,Zachary Dillon,Ross Hanson,Emmanuel Wiggins,Lance Rich,Levi Ortiz,Prescott Maynard,Kermit Serrano,Austin Bradford,Chaim Black,Marsden Weaver,Chancellor Cline,Abbot Stevenson,Hashim Sharp,Calvin Hicks
577173826,532746906,594730269,370818510,871670253,220734727,072497431,260563432,502757669,533253944,086538071,666886643,773635230,825366008,768896896,840419329,766796825,885869685,865417570,540434057,295944557,093368249,123498107,977764893,148278955,820901320,498812874,044176626
0 0 0 0 0 1 0 0 1 0 0 0 0 0 1 1 0 1 1 0 1 0 0 0 1 1 1 1 
0 0 0 1 0 0 1 0 1 0 1 0 0 1 0 0 1 1 0 0 0 1 0 1 0 1 1 0 
0 0 0 1 0 0 0 1 1 0 0 1 0 0 1 1 0 1 0 1 1 0 0 1 1 0 1 0 
0 1 1 0 1 1 0 1 0 1 1 1 1 1 1 1 1 0 1 1 0 1 0 0 0 1 0 0 
0 0 0 1 0 0 1 1 1 0 0 0 0 0 0 0 1 0 0 1 0 1 0 0 1 1 0 1 
1 0 0 1 0 0 0 0 0 0 0 1 1 0 1 1 1 1 1 1 0 1 0 0 1 1 1 1 
0 1 0 0 1 0 0 0 1 1 0 1 1 1 1 1 0 1 1 0 1 1 1 1 0 0 0 0 
0 0 1 1 1 0 0 0 0 0 1 1 1 0 1 1 0 0 0 1 0 1 1 0 0 1 0 1 
1 1 1 0 1 0 1 0 0 1 1 0 0 0 0 0 1 1 0 1 0 0 0 0 0 0 0 0 
0 0 0 1 0 0 1 0 1 0 1 0 1 0 1 0 1 0 0 0 0 1 0 0 0 1 1 0 
0 1 0 1 0 0 0 1 1 1 0 1 1 0 0 1 1 1 0 0 1 0 1 0 1 1 1 0 
0 0 1 1 0 1 1 1 0 0 1 0 1 0 1 0 1 1 1 1 0 1 0 1 0 1 0 0 
0 0 0 1 0 1 1 1 0 1 1 1 0 0 0 1 1 1 1 0 0 0 1 1 1 0 1 0 
0 1 0 1 0 0 1 0 0 0 0 0 0 0 0 0 0 1 1 0 0 1 1 0 0 0 0 0 
1 0 1 1 0 1 1 1 0 1 0 1 0 0 0 0 1 0 1 0 1 0 0 1 1 1 1 1 
1 0 1 1 0 1 1 1 0 0 1 0 1 0 0 0 1 0 0 0 0 1 1 0 0 0 1 0 
0 1 0 1 1 1 0 0 1 1 1 1 1 0 1 1 0 1 1 1 1 0 0 1 0 0 1 1 
1 1 1 0 0 1 1 0 1 0 1 1 1 1 0 0 1 0 1 0 0 0 1 0 0 0 0 0 
1 0 0 1 0 1 1 0 0 0 0 1 1 1 1 0 1 1 0 0 1 1 0 1 1 0 0 0 
0 0 1 1 1 1 0 1 1 0 0 1 0 0 0 0 1 0 0 0 1 1 1 1 1 0 1 1 
1 0 1 0 0 0 1 0 0 0 1 0 0 0 1 0 1 0 1 1 0 0 1 0 1 0 0 1 
0 1 0 1 1 1 1 1 0 1 0 1 0 1 0 1 0 0 1 1 0 0 0 1 0 0 0 0 
0 0 0 0 0 0 1 1 0 0 1 0 1 1 0 1 0 1 0 1 1 0 0 0 1 0 1 1 
0 1 1 0 0 0 1 0 0 0 0 1 1 0 1 0 1 0 1 1 0 1 0 0 0 1 0 0 
1 0 1 0 1 1 0 0 0 0 1 0 1 0 1 0 0 0 1 1 1 0 1 0 0 0 0 1 
1 1 0 1 1 1 0 1 0 1 1 1 0 0 1 0 0 0 0 0 0 0 0 1 0 0 0 0 
1 1 1 0 0 1 0 0 0 1 1 0 1 0 1 1 1 0 0 1 0 0 1 0 0 0 0 1 
1 0 0 0 1 1 0 1 0 0 0 0 0 0 1 0 1 0 0 1 1 0 1 0 1 0 1 0